# Create two matrix and multiply them.
mat1=[1,2,3,4;3,4,5,6;,5,6,7,8];
mat2=[2,4,5;45,6,7;45,6,7;4,5,6];
mat1
mat2
mult=mat1*mat2;
mult
# Command window
# mat1 =

#   1   2   3   4
#   3   4   5   6
#   5   6   7   8

# mat2 =

#    2    4    5
#   45    6    7
#   45    6    7
#    4    5    6

# mult =

#   243    54    64
#   435    96   114
#   627   138   164
